obj 1
p 2.0 0.0 2.0
p 2.0 0.0 -2.0
p 0.0 2.0 0.0
p -2.0 0.0 -2.0
p -2.0 0.0 2.0
p 0.0 -2.0 0.0
p 2.0 0.0 -2.0
p 0.0 2.0 0.0
p -2.0 0.0 -2.0

obj 2
p 1.0 0.0 -3.0
p 3.0 0.0 4.0
p -2.0 0.0 -1.0
p 0.0 -1.0 0.0
p -4.0 0.0 3.0
p 0.0 2.0 0.0
p 0.0 -1.0 0.0
p -4.0 0.0 3.0
p -4.0 0.0 3.0
p -2.0 0.0 -1.0
p 0.0 -1.0 0.0
p 0.0 2.0 0.0

obj 3
p 1.0 0.0 -1.0
p 1.0 0.0 1.0
p -1.0 0.0 1.0
p -1.0 0.0 -1.0
p -1.0 0.0 1.0

obj 4
p 5.80312 -2.74647 -5

obj 5
p -3.16291 -2.79325 -7.39971

obj 6
p -4.53128 -1.74071 10.1648

obj 7
p 4.53128 -1.74071 11.1648

obj 8
p 4.83128 -1.74071 9.8648
